9.927756252182451391e-01 -1.016871910668916690e-01 -6.368887772168568828e-02 1.129584138859113182e+03
1.199832165831498376e-01 8.379691342636288454e-01 5.323643092468027804e-01 1.345726865109056405e+02
-7.653175049103858041e-04 -5.361599063659926445e-01 8.441160874516766555e-01 2.969798186306661592e+02
0.000000000000000000e+00 0.000000000000000000e+00 0.000000000000000000e+00 1.000000000000000000e+00

R_board_in_camera:
 [[ 0.99309809  0.11723908  0.00334334]
 [-0.11614708  0.97908443  0.16704349]
 [ 0.01631062 -0.16627889  0.98594386]]
T_board_in_camera:
 [[-272.03492951]
 [-159.76130956]
 [ 522.43474599]]
R_hand_in_base:
 [[-0.09029775  0.01021297  0.99586245]
 [ 0.99559862 -0.02426988  0.09052272]
 [ 0.02509397  0.99965327 -0.0079765 ]]
T_hand_in_base:
 [726.7621755599976, 97.15505074709654, 257.8615441918373]
Avalible ids
R_board_in_camera:
 [[ 0.99301895 -0.10641342  0.05088755]
 [ 0.11533028  0.78542002 -0.6081236 ]
 [ 0.02474441  0.60974714  0.79220966]]
T_board_in_camera:
 [[-150.67872524]
 [-153.39492249]
 [ 390.31628398]]
R_hand_in_base:
 [[-0.09012995  0.01039992  0.99587571]
 [ 0.99562895 -0.02364414  0.09035453]
 [ 0.0244863   0.99966634 -0.00822341]]
T_hand_in_base:
 [739.8587465286255, 151.2678101658821, 257.7465072274208]
Avalible ids
R_board_in_camera:
 [[ 0.99313317  0.11502493  0.02134874]
 [-0.11697387  0.97929482  0.16522338]
 [-0.00190191 -0.16658606  0.98602508]]
T_board_in_camera:
 [[-258.52888192]
 [-123.06295198]
 [ 384.03798244]]
R_hand_in_base:
 [[-0.02051356  0.08458858  0.99620478]
 [ 0.91074639 -0.40948292  0.05352336]
 [ 0.41245631  0.90838786 -0.06863879]]
T_hand_in_base:
 [869.1311478614807, 295.8768516778946, 268.8307508826256]
Avalible ids
R_board_in_camera:
 [[ 0.99179843  0.12772343  0.00475416]
 [-0.11256525  0.89050097 -0.4408368 ]
 [-0.06053877  0.43668609  0.89757468]]
T_board_in_camera:
 [[-161.27438811]
 [-168.07992738]
 [ 513.21651848]]
R_hand_in_base:
 [[-0.00158099  0.09061437  0.9958848 ]
 [ 0.97921656  0.20211751 -0.0168359 ]
 [-0.20281133  0.97516027 -0.08905063]]
T_hand_in_base:
 [769.5283889770508, 112.41553574800491, 264.2712265253067]
Avalible ids
R_board_in_camera:
 [[ 0.99332739  0.04549352 -0.10597655]
 [-0.07013362  0.96775542 -0.24193124]
 [ 0.09155308  0.24774945  0.96448859]]
T_board_in_camera:
 [[ -98.52250685]
 [-192.36702776]
 [ 552.98044095]]
R_hand_in_base:
 [[-0.02038513  0.08459876  0.99620655]
 [ 0.91101511 -0.40890523  0.05336648]
 [ 0.41186881  0.9086471  -0.06873516]]
T_hand_in_base:
 [865.038275718689, 366.63658022880554, 268.712942302227]
Avalible ids
R_board_in_camera:
 [[ 0.99323107  0.04748211 -0.10600702]
 [-0.07192364  0.96803257 -0.24029135]
 [ 0.09120871  0.24628924  0.96489511]]
T_board_in_camera:
 [[-111.51817221]
 [-236.88083587]
 [ 728.07306984]]
R_hand_in_base:
 [[ 0.05747081 -0.14061755  0.98839456]
 [ 0.91913246  0.39394004  0.00260179]
 [-0.38973405  0.908316    0.1518862 ]]
T_hand_in_base:
 [803.9639592170715, 137.52422332763672, 260.3225342929363]
Avalible ids
R_board_in_camera:
 [[ 0.99304361 -0.1166452   0.01607109]
 [ 0.10246628  0.7888406  -0.60599601]
 [ 0.058009    0.60342721  0.79530532]]
T_board_in_camera:
 [[ -22.05077614]
 [-218.04984504]
 [ 558.17396038]]
R_hand_in_base:
 [[-0.0208779   0.0847318   0.99618504]
 [ 0.90959248 -0.41196403  0.05410323]
 [ 0.41497667  0.90725198 -0.06847047]]
T_hand_in_base:
 [870.2417612075806, -19.74471062421798, 310.95280945301056]
Avalible ids
R_board_in_camera:
 [[ 0.9928511   0.11917315 -0.00666805]
 [-0.11678558  0.98146249  0.15196221]
 [ 0.02465425 -0.15009712  0.98836381]]
T_board_in_camera:
 [[-268.87078914]
 [-269.27665804]
 [ 762.98083096]]
R_hand_in_base:
 [[ 0.0578547  -0.14362678  0.98793936]
 [ 0.92062693  0.39043301  0.00284839]
 [-0.38613324  0.90935879  0.15481506]]
T_hand_in_base:
 [648.4690308570862, -142.36249923706055, 290.8926725387573]
Avalible ids
R_board_in_camera:
 [[ 9.93005418e-01 -1.18068778e-01  5.38129764e-05]
 [ 9.38586804e-02  7.89112190e-01 -6.07035831e-01]
 [ 7.16295141e-02  6.02794920e-01  7.94674460e-01]]
T_board_in_camera:
 [[  16.65244268]
 [-274.53071482]
 [ 700.51141862]]
R_hand_in_base:
 [[-0.02056883  0.08465706  0.99619782]
 [ 0.91048602 -0.41004564  0.05364486]
 [ 0.413028    0.90812761 -0.06864491]]
T_hand_in_base:
 [876.8702149391174, 228.82855534553528, 268.84391605854034]
Avalible ids
R_board_in_camera:
 [[ 0.99303134 -0.11424841  0.02891455]
 [ 0.10820874  0.78672374 -0.60774718]
 [ 0.04668638  0.6066408   0.79360401]]
T_board_in_camera:
 [[ -56.47059974]
 [-177.90950516]
 [ 465.50625053]]
R_hand_in_base:
 [[ 0.05750573 -0.14047401  0.98841294]
 [ 0.9189091   0.39446079  0.00259907]
 [-0.39025525  0.90811218  0.1517666 ]]
T_hand_in_base:
 [810.3036880493164, 184.08435434103012, 260.2380223572254]
Avalible ids
R_board_in_camera:
 [[ 0.99443921  0.08804051  0.05778857]
 [-0.0962091   0.98265792  0.15851567]
 [-0.0428306  -0.16319398  0.98566387]]
T_board_in_camera:
 [[-269.76387369]
 [-187.98719049]
 [ 681.98729577]]
R_hand_in_base:
 [[ 0.04764713  0.05366396  0.99742164]
 [ 0.90956693 -0.41502037 -0.02112108]
 [ 0.41281685  0.9082281  -0.06858549]]
T_hand_in_base:
 [880.2424073219299, 86.33885476738214, 256.17910996079445]
Avalible ids
R_board_in_camera:
 None
T_board_in_camera:
 None
board not detected!
R_hand_in_base:
 [[-0.09066049  0.01066396  0.99582476]
 [ 0.99551309 -0.02623939  0.0909131 ]
 [ 0.02709933  0.99959881 -0.00823723]]
T_hand_in_base:
 [737.9207611083984, -74.8739629983902, 257.57420137524605]
image!./debug_calibration/20250305_144812_aruco_image.png abandoned!
Avalible ids
R_board_in_camera:
 [[ 0.99304087 -0.10718244  0.04880324]
 [ 0.11470957  0.786417   -0.60695141]
 [ 0.02667484  0.60832576  0.79323907]]
T_board_in_camera:
 [[-144.34235223]
 [-166.45155767]
 [ 437.8152766 ]]
R_hand_in_base:
 [[-0.00121472  0.09046787  0.99589863]
 [ 0.97890209  0.20359614 -0.01730077]
 [-0.20432628  0.97486624 -0.0888065 ]]
T_hand_in_base:
 [754.0425062179565, 253.69942784309384, 250.79435557127]
Avalible ids
R_board_in_camera:
 [[ 0.99286413 -0.11914416  0.00504946]
 [ 0.09742797  0.78602422 -0.61047008]
 [ 0.06876494  0.6066058   0.79202323]]
T_board_in_camera:
 [[  17.51102243]
 [-246.81400386]
 [ 633.91670521]]
R_hand_in_base:
 [[-0.00137191  0.09028497  0.99591503]
 [ 0.97907874  0.20276756 -0.01703324]
 [-0.20347711  0.97505586 -0.08867428]]
T_hand_in_base:
 [750.4377365112305, 176.18626952171326, 264.47673588991165]
Avalible ids
R_board_in_camera:
 [[ 0.99297458  0.11822975 -0.00481838]
 [-0.11585033  0.97966644  0.16380586]
 [ 0.02408713 -0.16209684  0.98648083]]
T_board_in_camera:
 [[-274.70956398]
 [-180.15012154]
 [ 599.72863841]]
R_hand_in_base:
 [[ 0.05800162 -0.14356163  0.98794022]
 [ 0.92024966  0.3913215   0.00283699]
 [-0.38700953  0.9089871   0.15480982]]
T_hand_in_base:
 [648.4692096710205, -74.61387813091278, 281.29657804965973]
Avalible ids
R_board_in_camera:
 [[ 0.99309897  0.11670357  0.0116063 ]
 [-0.11699401  0.97892205  0.16740376]
 [ 0.00817496 -0.16760637  0.9858201 ]]
T_board_in_camera:
 [[-263.48137829]
 [-141.98074309]
 [ 455.27113409]]
R_hand_in_base:
 [[ 0.05798842 -0.14276213  0.98805684]
 [ 0.91979241  0.39239592  0.00271439]
 [-0.38809698  0.90864978  0.15406595]]
T_hand_in_base:
 [686.9569420814514, 7.56577998399735, 274.4376331567764]
Avalible ids
R_board_in_camera:
 [[ 0.99624734  0.04631793 -0.07311553]
 [-0.06269001  0.96859888 -0.24059544]
 [ 0.05967574  0.24427619  0.96786773]]
T_board_in_camera:
 [[-111.32650314]
 [-152.09249031]
 [ 400.53486357]]
R_hand_in_base:
 [[-0.08988581  0.01047264  0.99589701]
 [ 0.99567853 -0.0224897   0.09010259]
 [ 0.02334104  0.99969222 -0.00840588]]
T_hand_in_base:
 [739.5812273025513, 250.74476599693295, 257.64199793338776]
Avalible ids
R_board_in_camera:
 [[ 0.99550771  0.04649198 -0.08247964]
 [-0.06521245  0.9682536  -0.24131368]
 [ 0.06864206  0.24560833  0.96693579]]
T_board_in_camera:
 [[-112.17908823]
 [-178.02861282]
 [ 500.62955028]]
R_hand_in_base:
 [[ 0.05800574 -0.14211264  0.98814945]
 [ 0.9192503   0.39366463  0.00265439]
 [-0.38937671  0.90820271  0.1534719 ]]
T_hand_in_base:
 [720.6764221191406, 106.24984968453646, 261.239056289196]
Avalible ids
R_board_in_camera:
 [[ 9.92108353e-01  1.25381614e-01 -6.82987743e-04]
 [-1.12643575e-01  8.88897129e-01 -4.44042025e-01]
 [-5.50675998e-02  4.40614736e-01  8.96005700e-01]]
T_board_in_camera:
 [[-143.47173739]
 [-117.37718217]
 [ 372.78100365]]
R_hand_in_base:
 [[ 0.05845572 -0.1427523   0.98803072]
 [ 0.91914687  0.39390686  0.00253203]
 [-0.38955353  0.90799734  0.15423644]]
T_hand_in_base:
 [673.4628677368164, 138.12044113874435, 261.6737827658653]
Avalible ids
R_board_in_camera:
 [[ 0.99201152  0.12612924 -0.00213449]
 [-0.11415451  0.89037197 -0.44068868]
 [-0.05368323  0.43741191  0.89765747]]
T_board_in_camera:
 [[-140.71930714]
 [-151.97358055]
 [ 447.48222685]]
R_hand_in_base:
 [[-0.02069168  0.08468785  0.99619266]
 [ 0.91020756 -0.41064114  0.05381493]
 [ 0.41363516  0.90785562 -0.06858666]]
T_hand_in_base:
 [878.7823915481567, 152.39956825971603, 268.89885663986206]
totle calibration imagenum: 19
R_base_to_hand:
 [array([[-0.09029775,  0.99559862,  0.02509397],
       [ 0.01021297, -0.02426988,  0.99965327],
       [ 0.99586245,  0.09052272, -0.0079765 ]]), array([[-0.09012995,  0.99562895,  0.0244863 ],
       [ 0.01039992, -0.02364414,  0.99966634],
       [ 0.99587571,  0.09035453, -0.00822341]]), array([[-0.02051356,  0.91074639,  0.41245631],
       [ 0.08458858, -0.40948292,  0.90838786],
       [ 0.99620478,  0.05352336, -0.06863879]]), array([[-0.00158099,  0.97921656, -0.20281133],
       [ 0.09061437,  0.20211751,  0.97516027],
       [ 0.9958848 , -0.0168359 , -0.08905063]]), array([[-0.02038513,  0.91101511,  0.41186881],
       [ 0.08459876, -0.40890523,  0.9086471 ],
       [ 0.99620655,  0.05336648, -0.06873516]]), array([[ 0.05747081,  0.91913246, -0.38973405],
       [-0.14061755,  0.39394004,  0.908316  ],
       [ 0.98839456,  0.00260179,  0.1518862 ]]), array([[-0.0208779 ,  0.90959248,  0.41497667],
       [ 0.0847318 , -0.41196403,  0.90725198],
       [ 0.99618504,  0.05410323, -0.06847047]]), array([[ 0.0578547 ,  0.92062693, -0.38613324],
       [-0.14362678,  0.39043301,  0.90935879],
       [ 0.98793936,  0.00284839,  0.15481506]]), array([[-0.02056883,  0.91048602,  0.413028  ],
       [ 0.08465706, -0.41004564,  0.90812761],
       [ 0.99619782,  0.05364486, -0.06864491]]), array([[ 0.05750573,  0.9189091 , -0.39025525],
       [-0.14047401,  0.39446079,  0.90811218],
       [ 0.98841294,  0.00259907,  0.1517666 ]]), array([[ 0.04764713,  0.90956693,  0.41281685],
       [ 0.05366396, -0.41502037,  0.9082281 ],
       [ 0.99742164, -0.02112108, -0.06858549]]), array([[-0.00121472,  0.97890209, -0.20432628],
       [ 0.09046787,  0.20359614,  0.97486624],
       [ 0.99589863, -0.01730077, -0.0888065 ]]), array([[-0.00137191,  0.97907874, -0.20347711],
       [ 0.09028497,  0.20276756,  0.97505586],
       [ 0.99591503, -0.01703324, -0.08867428]]), array([[ 0.05800162,  0.92024966, -0.38700953],
       [-0.14356163,  0.3913215 ,  0.9089871 ],
       [ 0.98794022,  0.00283699,  0.15480982]]), array([[ 0.05798842,  0.91979241, -0.38809698],
       [-0.14276213,  0.39239592,  0.90864978],
       [ 0.98805684,  0.00271439,  0.15406595]]), array([[-0.08988581,  0.99567853,  0.02334104],
       [ 0.01047264, -0.0224897 ,  0.99969222],
       [ 0.99589701,  0.09010259, -0.00840588]]), array([[ 0.05800574,  0.9192503 , -0.38937671],
       [-0.14211264,  0.39366463,  0.90820271],
       [ 0.98814945,  0.00265439,  0.1534719 ]]), array([[ 0.05845572,  0.91914687, -0.38955353],
       [-0.1427523 ,  0.39390686,  0.90799734],
       [ 0.98803072,  0.00253203,  0.15423644]]), array([[-0.02069168,  0.91020756,  0.41363516],
       [ 0.08468785, -0.41064114,  0.90785562],
       [ 0.99619266,  0.05381493, -0.06858666]])]
T_base_to_hand:
 [array([ -37.5732146 , -262.83659312, -730.49306537]), array([ -90.23444188, -261.7783803 , -748.35553202]), array([-362.52074151, -196.56464318, -863.21671044]), array([ -55.26533963, -350.15827631, -740.93548913]), array([-427.05202391, -167.42678969, -862.8528755 ]), array([ -71.1508805 , -177.5799806 , -834.53081685]), array([ -92.90970331, -363.98381603, -844.5624873 ]), array([ 205.86910133, -115.80527432, -685.27714369]), array([-301.34907136, -224.54768276, -867.35690932]), array([-114.19463956, -195.11276943, -840.88853968]), array([-226.22704486, -244.07397204, -858.57908792]), array([-196.18707137, -364.35979555, -724.28853509]), array([-117.65573791, -361.3577039 , -720.91891288]), array([ 139.91558378, -133.40164952, -683.98460571]), array([  59.7139212 , -154.26503618, -721.05453471]), array([-189.19695072, -259.66889302, -756.97378316]), array([ -37.75316873, -176.66759495, -752.51089004]), array([ -64.38478276, -195.86731103, -706.11136182]), array([-231.7577735 , -255.96199306, -865.19506918])]
R_board_to_camera:
 [array([[ 0.99309809,  0.11723908,  0.00334334],
       [-0.11614708,  0.97908443,  0.16704349],
       [ 0.01631062, -0.16627889,  0.98594386]]), array([[ 0.99301895, -0.10641342,  0.05088755],
       [ 0.11533028,  0.78542002, -0.6081236 ],
       [ 0.02474441,  0.60974714,  0.79220966]]), array([[ 0.99313317,  0.11502493,  0.02134874],
       [-0.11697387,  0.97929482,  0.16522338],
       [-0.00190191, -0.16658606,  0.98602508]]), array([[ 0.99179843,  0.12772343,  0.00475416],
       [-0.11256525,  0.89050097, -0.4408368 ],
       [-0.06053877,  0.43668609,  0.89757468]]), array([[ 0.99332739,  0.04549352, -0.10597655],
       [-0.07013362,  0.96775542, -0.24193124],
       [ 0.09155308,  0.24774945,  0.96448859]]), array([[ 0.99323107,  0.04748211, -0.10600702],
       [-0.07192364,  0.96803257, -0.24029135],
       [ 0.09120871,  0.24628924,  0.96489511]]), array([[ 0.99304361, -0.1166452 ,  0.01607109],
       [ 0.10246628,  0.7888406 , -0.60599601],
       [ 0.058009  ,  0.60342721,  0.79530532]]), array([[ 0.9928511 ,  0.11917315, -0.00666805],
       [-0.11678558,  0.98146249,  0.15196221],
       [ 0.02465425, -0.15009712,  0.98836381]]), array([[ 9.93005418e-01, -1.18068778e-01,  5.38129764e-05],
       [ 9.38586804e-02,  7.89112190e-01, -6.07035831e-01],
       [ 7.16295141e-02,  6.02794920e-01,  7.94674460e-01]]), array([[ 0.99303134, -0.11424841,  0.02891455],
       [ 0.10820874,  0.78672374, -0.60774718],
       [ 0.04668638,  0.6066408 ,  0.79360401]]), array([[ 0.99443921,  0.08804051,  0.05778857],
       [-0.0962091 ,  0.98265792,  0.15851567],
       [-0.0428306 , -0.16319398,  0.98566387]]), array([[ 0.99304087, -0.10718244,  0.04880324],
       [ 0.11470957,  0.786417  , -0.60695141],
       [ 0.02667484,  0.60832576,  0.79323907]]), array([[ 0.99286413, -0.11914416,  0.00504946],
       [ 0.09742797,  0.78602422, -0.61047008],
       [ 0.06876494,  0.6066058 ,  0.79202323]]), array([[ 0.99297458,  0.11822975, -0.00481838],
       [-0.11585033,  0.97966644,  0.16380586],
       [ 0.02408713, -0.16209684,  0.98648083]]), array([[ 0.99309897,  0.11670357,  0.0116063 ],
       [-0.11699401,  0.97892205,  0.16740376],
       [ 0.00817496, -0.16760637,  0.9858201 ]]), array([[ 0.99624734,  0.04631793, -0.07311553],
       [-0.06269001,  0.96859888, -0.24059544],
       [ 0.05967574,  0.24427619,  0.96786773]]), array([[ 0.99550771,  0.04649198, -0.08247964],
       [-0.06521245,  0.9682536 , -0.24131368],
       [ 0.06864206,  0.24560833,  0.96693579]]), array([[ 9.92108353e-01,  1.25381614e-01, -6.82987743e-04],
       [-1.12643575e-01,  8.88897129e-01, -4.44042025e-01],
       [-5.50675998e-02,  4.40614736e-01,  8.96005700e-01]]), array([[ 0.99201152,  0.12612924, -0.00213449],
       [-0.11415451,  0.89037197, -0.44068868],
       [-0.05368323,  0.43741191,  0.89765747]])]
T_board_to_camera:
 [array([-272.03492951, -159.76130956,  522.43474599]), array([-150.67872524, -153.39492249,  390.31628398]), array([-258.52888192, -123.06295198,  384.03798244]), array([-161.27438811, -168.07992738,  513.21651848]), array([ -98.52250685, -192.36702776,  552.98044095]), array([-111.51817221, -236.88083587,  728.07306984]), array([ -22.05077614, -218.04984504,  558.17396038]), array([-268.87078914, -269.27665804,  762.98083096]), array([  16.65244268, -274.53071482,  700.51141862]), array([ -56.47059974, -177.90950516,  465.50625053]), array([-269.76387369, -187.98719049,  681.98729577]), array([-144.34235223, -166.45155767,  437.8152766 ]), array([  17.51102243, -246.81400386,  633.91670521]), array([-274.70956398, -180.15012154,  599.72863841]), array([-263.48137829, -141.98074309,  455.27113409]), array([-111.32650314, -152.09249031,  400.53486357]), array([-112.17908823, -178.02861282,  500.62955028]), array([-143.47173739, -117.37718217,  372.78100365]), array([-140.71930714, -151.97358055,  447.48222685])]
[[1129.58413886]
 [ 134.57268651]
 [ 296.97981863]]

