rotation_vector:

[[ 0.45588897]
 [ 0.02676288]
 [-0.12474961]]
R_board_in_camera:
 [[ 0.99201152  0.12612924 -0.00213449]
 [-0.11415451  0.89037197 -0.44068868]
 [-0.05368323  0.43741191  0.89765747]]
T_board_in_camera:
 [[-140.71930714]
 [-151.97358055]
 [ 447.48222685]]
R_hand_in_base:
 [[-0.00137191  0.09028497  0.99591503]
 [ 0.97907874  0.20276756 -0.01703324]
 [-0.20347711  0.97505586 -0.08867428]]
T_hand_in_base:
 [750.4377365112305, 176.18626952171326, 264.47673588991165]
Avalible ids
corners_2d: 

[[296.  78.]
 [360.  69.]
 [377. 135.]
 [316. 143.]
 [367.  68.]
 [431.  59.]
 [446. 126.]
 [384. 134.]
 [438.  58.]
 [503.  50.]
 [515. 117.]
 [453. 125.]
 [510.  49.]
 [575.  39.]
 [586. 107.]
 [522. 116.]
 [582.  38.]
 [649.  29.]
 [656.  98.]
 [593. 107.]
 [318. 150.]
 [379. 142.]
 [395. 203.]
 [335. 210.]
 [386. 141.]
 [447. 134.]
 [461. 195.]
 [401. 202.]
 [454. 133.]
 [517. 125.]
 [528. 186.]
 [468. 194.]
 [524. 124.]
 [586. 115.]
 [596. 177.]
 [535. 186.]
 [594. 114.]
 [657. 105.]
 [664. 169.]
 [603. 176.]
 [337. 217.]
 [397. 210.]
 [411. 267.]
 [355. 274.]
 [403. 209.]
 [463. 202.]
 [475. 259.]
 [418. 266.]
 [470. 201.]
 [529. 193.]
 [540. 251.]
 [482. 258.]
 [536. 193.]
 [597. 185.]
 [605. 243.]
 [547. 250.]
 [604. 184.]
 [665. 176.]
 [672. 234.]
 [612. 242.]
 [356. 280.]
 [413. 273.]
 [427. 326.]
 [371. 333.]
 [419. 271.]
 [477. 266.]
 [488. 319.]
 [433. 325.]
 [484. 265.]
 [542. 258.]
 [551. 311.]
 [495. 318.]
 [548. 257.]
 [607. 250.]
 [615. 304.]
 [558. 311.]
 [613. 249.]
 [672. 241.]
 [679. 296.]
 [621. 303.]
 [373. 338.]
 [429. 333.]
 [441. 382.]
 [387. 388.]
 [435. 331.]
 [490. 325.]
 [501. 375.]
 [447. 382.]
 [497. 324.]
 [553. 318.]
 [562. 368.]
 [507. 374.]
 [559. 317.]
 [615. 310.]
 [623. 361.]
 [568. 367.]
 [622. 310.]
 [679. 302.]
 [685. 354.]
 [630. 360.]
 [389. 394.]
 [443. 388.]
 [454. 435.]
 [401. 442.]
 [448. 387.]
 [502. 381.]
 [512. 428.]
 [460. 434.]
 [509. 380.]
 [563. 374.]
 [572. 422.]
 [519. 427.]
 [570. 373.]
 [624. 367.]
 [631. 415.]
 [578. 421.]
 [631. 366.]
 [686. 360.]
 [692. 407.]
 [638. 414.]
 [403. 446.]
 [456. 440.]
 [467. 484.]
 [416. 489.]
 [462. 440.]
 [514. 434.]
 [524. 478.]
 [472. 483.]
 [520. 433.]
 [573. 427.]
 [581. 472.]
 [530. 477.]
 [579. 427.]
 [632. 421.]
 [639. 465.]
 [587. 472.]
 [639. 420.]
 [692. 414.]
 [698. 459.]
 [645. 465.]]
point_3d:

[array([[  0.      ,   0.      ,   0.      ],
       [ 26.796875,   0.      ,   0.      ],
       [ 26.796875,  26.796875,   0.      ],
       [  0.      ,  26.796875,   0.      ],
       [ 29.5     ,   0.      ,   0.      ],
       [ 56.3125  ,   0.      ,   0.      ],
       [ 56.3125  ,  26.796875,   0.      ],
       [ 29.5     ,  26.796875,   0.      ],
       [ 59.      ,   0.      ,   0.      ],
       [ 85.8125  ,   0.      ,   0.      ],
       [ 85.8125  ,  26.796875,   0.      ],
       [ 59.      ,  26.796875,   0.      ],
       [ 88.5     ,   0.      ,   0.      ],
       [115.3125  ,   0.      ,   0.      ],
       [115.3125  ,  26.796875,   0.      ],
       [ 88.5     ,  26.796875,   0.      ],
       [118.      ,   0.      ,   0.      ],
       [144.75    ,   0.      ,   0.      ],
       [144.75    ,  26.796875,   0.      ],
       [118.      ,  26.796875,   0.      ],
       [  0.      ,  29.5     ,   0.      ],
       [ 26.796875,  29.5     ,   0.      ],
       [ 26.796875,  56.3125  ,   0.      ],
       [  0.      ,  56.3125  ,   0.      ],
       [ 29.5     ,  29.5     ,   0.      ],
       [ 56.3125  ,  29.5     ,   0.      ],
       [ 56.3125  ,  56.3125  ,   0.      ],
       [ 29.5     ,  56.3125  ,   0.      ],
       [ 59.      ,  29.5     ,   0.      ],
       [ 85.8125  ,  29.5     ,   0.      ],
       [ 85.8125  ,  56.3125  ,   0.      ],
       [ 59.      ,  56.3125  ,   0.      ],
       [ 88.5     ,  29.5     ,   0.      ],
       [115.3125  ,  29.5     ,   0.      ],
       [115.3125  ,  56.3125  ,   0.      ],
       [ 88.5     ,  56.3125  ,   0.      ],
       [118.      ,  29.5     ,   0.      ],
       [144.75    ,  29.5     ,   0.      ],
       [144.75    ,  56.3125  ,   0.      ],
       [118.      ,  56.3125  ,   0.      ],
       [  0.      ,  59.      ,   0.      ],
       [ 26.796875,  59.      ,   0.      ],
       [ 26.796875,  85.8125  ,   0.      ],
       [  0.      ,  85.8125  ,   0.      ],
       [ 29.5     ,  59.      ,   0.      ],
       [ 56.3125  ,  59.      ,   0.      ],
       [ 56.3125  ,  85.8125  ,   0.      ],
       [ 29.5     ,  85.8125  ,   0.      ],
       [ 59.      ,  59.      ,   0.      ],
       [ 85.8125  ,  59.      ,   0.      ],
       [ 85.8125  ,  85.8125  ,   0.      ],
       [ 59.      ,  85.8125  ,   0.      ],
       [ 88.5     ,  59.      ,   0.      ],
       [115.3125  ,  59.      ,   0.      ],
       [115.3125  ,  85.8125  ,   0.      ],
       [ 88.5     ,  85.8125  ,   0.      ],
       [118.      ,  59.      ,   0.      ],
       [144.75    ,  59.      ,   0.      ],
       [144.75    ,  85.8125  ,   0.      ],
       [118.      ,  85.8125  ,   0.      ],
       [  0.      ,  88.5     ,   0.      ],
       [ 26.796875,  88.5     ,   0.      ],
       [ 26.796875, 115.3125  ,   0.      ],
       [  0.      , 115.3125  ,   0.      ],
       [ 29.5     ,  88.5     ,   0.      ],
       [ 56.3125  ,  88.5     ,   0.      ],
       [ 56.3125  , 115.3125  ,   0.      ],
       [ 29.5     , 115.3125  ,   0.      ],
       [ 59.      ,  88.5     ,   0.      ],
       [ 85.8125  ,  88.5     ,   0.      ],
       [ 85.8125  , 115.3125  ,   0.      ],
       [ 59.      , 115.3125  ,   0.      ],
       [ 88.5     ,  88.5     ,   0.      ],
       [115.3125  ,  88.5     ,   0.      ],
       [115.3125  , 115.3125  ,   0.      ],
       [ 88.5     , 115.3125  ,   0.      ],
       [118.      ,  88.5     ,   0.      ],
       [144.75    ,  88.5     ,   0.      ],
       [144.75    , 115.3125  ,   0.      ],
       [118.      , 115.3125  ,   0.      ],
       [  0.      , 118.      ,   0.      ],
       [ 26.796875, 118.      ,   0.      ],
       [ 26.796875, 144.75    ,   0.      ],
       [  0.      , 144.75    ,   0.      ],
       [ 29.5     , 118.      ,   0.      ],
       [ 56.3125  , 118.      ,   0.      ],
       [ 56.3125  , 144.75    ,   0.      ],
       [ 29.5     , 144.75    ,   0.      ],
       [ 59.      , 118.      ,   0.      ],
       [ 85.8125  , 118.      ,   0.      ],
       [ 85.8125  , 144.75    ,   0.      ],
       [ 59.      , 144.75    ,   0.      ],
       [ 88.5     , 118.      ,   0.      ],
       [115.3125  , 118.      ,   0.      ],
       [115.3125  , 144.75    ,   0.      ],
       [ 88.5     , 144.75    ,   0.      ],
       [118.      , 118.      ,   0.      ],
       [144.75    , 118.      ,   0.      ],
       [144.75    , 144.75    ,   0.      ],
       [118.      , 144.75    ,   0.      ],
       [  0.      , 147.5     ,   0.      ],
       [ 26.796875, 147.5     ,   0.      ],
       [ 26.796875, 174.25    ,   0.      ],
       [  0.      , 174.25    ,   0.      ],
       [ 29.5     , 147.5     ,   0.      ],
       [ 56.3125  , 147.5     ,   0.      ],
       [ 56.3125  , 174.25    ,   0.      ],
       [ 29.5     , 174.25    ,   0.      ],
       [ 59.      , 147.5     ,   0.      ],
       [ 85.8125  , 147.5     ,   0.      ],
       [ 85.8125  , 174.25    ,   0.      ],
       [ 59.      , 174.25    ,   0.      ],
       [ 88.5     , 147.5     ,   0.      ],
       [115.3125  , 147.5     ,   0.      ],
       [115.3125  , 174.25    ,   0.      ],
       [ 88.5     , 174.25    ,   0.      ],
       [118.      , 147.5     ,   0.      ],
       [144.75    , 147.5     ,   0.      ],
       [144.75    , 174.25    ,   0.      ],
       [118.      , 174.25    ,   0.      ],
       [  0.      , 177.      ,   0.      ],
       [ 26.796875, 177.      ,   0.      ],
       [ 26.796875, 203.75    ,   0.      ],
       [  0.      , 203.75    ,   0.      ],
       [ 29.5     , 177.      ,   0.      ],
       [ 56.3125  , 177.      ,   0.      ],
       [ 56.3125  , 203.75    ,   0.      ],
       [ 29.5     , 203.75    ,   0.      ],
       [ 59.      , 177.      ,   0.      ],
       [ 85.8125  , 177.      ,   0.      ],
       [ 85.8125  , 203.75    ,   0.      ],
       [ 59.      , 203.75    ,   0.      ],
       [ 88.5     , 177.      ,   0.      ],
       [115.3125  , 177.      ,   0.      ],
       [115.3125  , 203.75    ,   0.      ],
       [ 88.5     , 203.75    ,   0.      ],
       [118.      , 177.      ,   0.      ],
       [144.75    , 177.      ,   0.      ],
       [144.75    , 203.75    ,   0.      ],
       [118.      , 203.75    ,   0.      ]], dtype=float32)]
rotation_vector:

[[ 0.45953743]
 [ 0.02825024]
 [-0.12364285]]
R_board_in_camera:
 [[ 9.92108353e-01  1.25381614e-01 -6.82987743e-04]
 [-1.12643575e-01  8.88897129e-01 -4.44042025e-01]
 [-5.50675998e-02  4.40614736e-01  8.96005700e-01]]
T_board_in_camera:
 [[-143.47173739]
 [-117.37718217]
 [ 372.78100365]]
R_hand_in_base:
 [[-0.00121472  0.09046787  0.99589863]
 [ 0.97890209  0.20359614 -0.01730077]
 [-0.20432628  0.97486624 -0.0888065 ]]
T_hand_in_base:
 [754.0425062179565, 253.69942784309384, 250.79435557127]
totle calibration imagenum: 19
R_base_to_hand:
 [array([[-0.09029775,  0.99559862,  0.02509397],
       [ 0.01021297, -0.02426988,  0.99965327],
       [ 0.99586245,  0.09052272, -0.0079765 ]]), array([[-0.09012995,  0.99562895,  0.0244863 ],
       [ 0.01039992, -0.02364414,  0.99966634],
       [ 0.99587571,  0.09035453, -0.00822341]]), array([[-0.08988581,  0.99567853,  0.02334104],
       [ 0.01047264, -0.0224897 ,  0.99969222],
       [ 0.99589701,  0.09010259, -0.00840588]]), array([[-0.09066049,  0.99551309,  0.02709933],
       [ 0.01066396, -0.02623939,  0.99959881],
       [ 0.99582476,  0.0909131 , -0.00823723]]), array([[ 0.04764713,  0.90956693,  0.41281685],
       [ 0.05366396, -0.41502037,  0.9082281 ],
       [ 0.99742164, -0.02112108, -0.06858549]]), array([[-0.02069168,  0.91020756,  0.41363516],
       [ 0.08468785, -0.41064114,  0.90785562],
       [ 0.99619266,  0.05381493, -0.06858666]]), array([[-0.02056883,  0.91048602,  0.413028  ],
       [ 0.08465706, -0.41004564,  0.90812761],
       [ 0.99619782,  0.05364486, -0.06864491]]), array([[-0.02051356,  0.91074639,  0.41245631],
       [ 0.08458858, -0.40948292,  0.90838786],
       [ 0.99620478,  0.05352336, -0.06863879]]), array([[-0.02038513,  0.91101511,  0.41186881],
       [ 0.08459876, -0.40890523,  0.9086471 ],
       [ 0.99620655,  0.05336648, -0.06873516]]), array([[-0.0208779 ,  0.90959248,  0.41497667],
       [ 0.0847318 , -0.41196403,  0.90725198],
       [ 0.99618504,  0.05410323, -0.06847047]]), array([[ 0.0578547 ,  0.92062693, -0.38613324],
       [-0.14362678,  0.39043301,  0.90935879],
       [ 0.98793936,  0.00284839,  0.15481506]]), array([[ 0.05800162,  0.92024966, -0.38700953],
       [-0.14356163,  0.3913215 ,  0.9089871 ],
       [ 0.98794022,  0.00283699,  0.15480982]]), array([[ 0.05798842,  0.91979241, -0.38809698],
       [-0.14276213,  0.39239592,  0.90864978],
       [ 0.98805684,  0.00271439,  0.15406595]]), array([[ 0.05800574,  0.9192503 , -0.38937671],
       [-0.14211264,  0.39366463,  0.90820271],
       [ 0.98814945,  0.00265439,  0.1534719 ]]), array([[ 0.05747081,  0.91913246, -0.38973405],
       [-0.14061755,  0.39394004,  0.908316  ],
       [ 0.98839456,  0.00260179,  0.1518862 ]]), array([[ 0.05750573,  0.9189091 , -0.39025525],
       [-0.14047401,  0.39446079,  0.90811218],
       [ 0.98841294,  0.00259907,  0.1517666 ]]), array([[-0.00158099,  0.97921656, -0.20281133],
       [ 0.09061437,  0.20211751,  0.97516027],
       [ 0.9958848 , -0.0168359 , -0.08905063]]), array([[-0.00137191,  0.97907874, -0.20347711],
       [ 0.09028497,  0.20276756,  0.97505586],
       [ 0.99591503, -0.01703324, -0.08867428]]), array([[-0.00121472,  0.97890209, -0.20432628],
       [ 0.09046787,  0.20359614,  0.97486624],
       [ 0.99589863, -0.01730077, -0.0888065 ]])]
T_base_to_hand:
 [array([ -37.5732146 , -262.83659312, -730.49306537]), array([ -90.23444188, -261.7783803 , -748.35553202]), array([-189.19695072, -259.66889302, -756.97378316]), array([ 134.45817657, -267.30466709, -725.9110434 ]), array([-226.22704486, -244.07397204, -858.57908792]), array([-231.7577735 , -255.96199306, -865.19506918]), array([-301.34907136, -224.54768276, -867.35690932]), array([-362.52074151, -196.56464318, -863.21671044]), array([-427.05202391, -167.42678969, -862.8528755 ]), array([ -92.90970331, -363.98381603, -844.5624873 ]), array([ 205.86910133, -115.80527432, -685.27714369]), array([ 139.91558378, -133.40164952, -683.98460571]), array([  59.7139212 , -154.26503618, -721.05453471]), array([ -37.75316873, -176.66759495, -752.51089004]), array([ -71.1508805 , -177.5799806 , -834.53081685]), array([-114.19463956, -195.11276943, -840.88853968]), array([ -55.26533963, -350.15827631, -740.93548913]), array([-117.65573791, -361.3577039 , -720.91891288]), array([-196.18707137, -364.35979555, -724.28853509])]
R_board_to_camera:
 [array([[ 0.99332739,  0.04549352, -0.10597655],
       [-0.07013362,  0.96775542, -0.24193124],
       [ 0.09155308,  0.24774945,  0.96448859]]), array([[ 0.99550771,  0.04649198, -0.08247964],
       [-0.06521245,  0.9682536 , -0.24131368],
       [ 0.06864206,  0.24560833,  0.96693579]]), array([[ 0.99624734,  0.04631793, -0.07311553],
       [-0.06269001,  0.96859888, -0.24059544],
       [ 0.05967574,  0.24427619,  0.96786773]]), array([[ 0.99323107,  0.04748211, -0.10600702],
       [-0.07192364,  0.96803257, -0.24029135],
       [ 0.09120871,  0.24628924,  0.96489511]]), array([[ 0.99443921,  0.08804051,  0.05778857],
       [-0.0962091 ,  0.98265792,  0.15851567],
       [-0.0428306 , -0.16319398,  0.98566387]]), array([[ 0.99297458,  0.11822975, -0.00481838],
       [-0.11585033,  0.97966644,  0.16380586],
       [ 0.02408713, -0.16209684,  0.98648083]]), array([[ 0.99309809,  0.11723908,  0.00334334],
       [-0.11614708,  0.97908443,  0.16704349],
       [ 0.01631062, -0.16627889,  0.98594386]]), array([[ 0.99309897,  0.11670357,  0.0116063 ],
       [-0.11699401,  0.97892205,  0.16740376],
       [ 0.00817496, -0.16760637,  0.9858201 ]]), array([[ 0.99313317,  0.11502493,  0.02134874],
       [-0.11697387,  0.97929482,  0.16522338],
       [-0.00190191, -0.16658606,  0.98602508]]), array([[ 0.9928511 ,  0.11917315, -0.00666805],
       [-0.11678558,  0.98146249,  0.15196221],
       [ 0.02465425, -0.15009712,  0.98836381]]), array([[ 9.93005418e-01, -1.18068778e-01,  5.38129764e-05],
       [ 9.38586804e-02,  7.89112190e-01, -6.07035831e-01],
       [ 7.16295141e-02,  6.02794920e-01,  7.94674460e-01]]), array([[ 0.99286413, -0.11914416,  0.00504946],
       [ 0.09742797,  0.78602422, -0.61047008],
       [ 0.06876494,  0.6066058 ,  0.79202323]]), array([[ 0.99304361, -0.1166452 ,  0.01607109],
       [ 0.10246628,  0.7888406 , -0.60599601],
       [ 0.058009  ,  0.60342721,  0.79530532]]), array([[ 0.99303134, -0.11424841,  0.02891455],
       [ 0.10820874,  0.78672374, -0.60774718],
       [ 0.04668638,  0.6066408 ,  0.79360401]]), array([[ 0.99304087, -0.10718244,  0.04880324],
       [ 0.11470957,  0.786417  , -0.60695141],
       [ 0.02667484,  0.60832576,  0.79323907]]), array([[ 0.99301895, -0.10641342,  0.05088755],
       [ 0.11533028,  0.78542002, -0.6081236 ],
       [ 0.02474441,  0.60974714,  0.79220966]]), array([[ 0.99179843,  0.12772343,  0.00475416],
       [-0.11256525,  0.89050097, -0.4408368 ],
       [-0.06053877,  0.43668609,  0.89757468]]), array([[ 0.99201152,  0.12612924, -0.00213449],
       [-0.11415451,  0.89037197, -0.44068868],
       [-0.05368323,  0.43741191,  0.89765747]]), array([[ 9.92108353e-01,  1.25381614e-01, -6.82987743e-04],
       [-1.12643575e-01,  8.88897129e-01, -4.44042025e-01],
       [-5.50675998e-02,  4.40614736e-01,  8.96005700e-01]])]
T_board_to_camera:
 [array([ -98.52250685, -192.36702776,  552.98044095]), array([-112.17908823, -178.02861282,  500.62955028]), array([-111.32650314, -152.09249031,  400.53486357]), array([-111.51817221, -236.88083587,  728.07306984]), array([-269.76387369, -187.98719049,  681.98729577]), array([-274.70956398, -180.15012154,  599.72863841]), array([-272.03492951, -159.76130956,  522.43474599]), array([-263.48137829, -141.98074309,  455.27113409]), array([-258.52888192, -123.06295198,  384.03798244]), array([-268.87078914, -269.27665804,  762.98083096]), array([  16.65244268, -274.53071482,  700.51141862]), array([  17.51102243, -246.81400386,  633.91670521]), array([ -22.05077614, -218.04984504,  558.17396038]), array([ -56.47059974, -177.90950516,  465.50625053]), array([-144.34235223, -166.45155767,  437.8152766 ]), array([-150.67872524, -153.39492249,  390.31628398]), array([-161.27438811, -168.07992738,  513.21651848]), array([-140.71930714, -151.97358055,  447.48222685]), array([-143.47173739, -117.37718217,  372.78100365])]
[[901.64378616]
 [723.85907987]
 [276.48459025]]