[[[143 167 191]
  [135 159 183]
  [134 159 183]
  ...
  [159 175 175]
  [161 177 177]
  [161 177 175]]

 [[146 170 194]
  [140 164 188]
  [137 162 186]
  ...
  [162 176 176]
  [163 178 177]
  [163 178 177]]

 [[147 172 196]
  [137 162 186]
  [136 161 185]
  ...
  [164 176 178]
  [165 177 179]
  [165 177 179]]

 ...

 [[ 87  95 131]
  [ 81  89 125]
  [ 79  89 125]
  ...
  [ 66  79  96]
  [ 66  80  96]
  [ 69  79  96]]

 [[ 85  95 131]
  [ 82  92 128]
  [ 81  91 127]
  ...
  [ 66  73  81]
  [ 69  76  84]
  [ 75  80  86]]

 [[ 85  95 129]
  [ 83  93 127]
  [ 82  92 128]
  ...
  [ 75  79  77]
  [ 78  82  80]
  [ 83  82  81]]]